62.9076
60.1623
39.1553
59.3541
45.3342
44.753
46.3324
34.1558
37.7433
36.402
54.8526
37.6064
20.0882
33.1822
25.7574
32.6558
39.3247
29.761
42.0157
28.5482
47.2679
53.1166
22.8027
29.9545
29.3965
15.5154
19.7429
10.3744
22.1995
12.585
7.50442
26.3522
18.1908
22.9254
9.03811
15.2954
11.4437
15.1366
20.8266
19.2847
18.9182
19.5926
26.5234
19.7622
16.5166
22.8853
15.896
9.81175
9.74418
4.97568
5.22549
9.49009
2.78094
13.145
9.65123
11.3902
9.37264
16.1658
16.9953
8.18227
4.29855
4.33498
12.7223
8.78867
4.56527
8.64292
14.051
5.94025
9.42172
6.01676
11.5851
4.16581
6.49125
8.34436
6.52874
9.27839
10.8619
7.39931
8.30763
8.29008
6.17081
9.8093
2.51161
2.49301
3.46843
2.43408
5.93848
3.25873
4.30077
6.17313
5.97037
1.6612
0.21193
0.546181
2.19247
1.48671
0.226358
1.55648
0.206299
0.220013
0.187068
0.233059
0.314366
0.251287
0.192783
0.272839
0.271149
0.208869
0.204927
2.02732
0.189789
0.165201
0.224427
0.214346
0.206264
0.213141
1.92191
0.197597
0.213645
0.193363
0.187314
0.225139
0.207321
0.398942
0.41473
--------
10.9672
10.8256
17.6418
11.142
16.4025
9.72825
19.1803
14.1977
22.8691
12.5429
12.8406
12.7878
9.58154
12.1175
14.6681
15.173
16.676
21.213
23.5612
22.2226
15.3164
19.1757
10.6518
6.87531
11.0245
12.9858
11.0353
16.443
17.8292
16.0215
13.4272
12.488
16.9121
10.5717
15.1567
6.01565
18.7162
10.7471
9.25733
12.3819
12.0994
6.6952
6.1687
6.74697
9.65693
7.77982
9.78458
4.92905
12.5132
5.79508
7.88612
9.42481
12.4436
11.4115
8.00402
10.1224
7.46222
2.56588
9.15135
6.9294
3.92294
6.60086
6.33038
11.0666
9.32837
7.3377
7.70921
4.7381
6.37113
6.30377
5.56814
2.4031
4.42622
5.03038
6.64076
4.58217
1.29719
4.60979
4.64814
2.37779
2.49957
4.8768
5.04189
1.37367
1.33554
1.37199
